Time	PC	IR	opcode	R0	R1	R2	R3
VCD info: dumpfile ultra.vcd opened for output.
0	   11	0001000000000011	00	    0	    0	    0	    0
3	   11	0001000000000011	00	    0	    2	    0	    0
Time                    4
4	   12	0010000000000100	00	    0	    2	    0	    0
7	   12	0010000000000100	00	    0	    2	    1	    0
Time                    8
8	   13	1001011000000000	00	    0	    2	    1	    0
9	   13	1001011000000000	10	    0	    2	    1	    0
11	   13	1001011000000000	10	    0	    3	    1	    0
Time                   12
12	   14	0100010000000101	10	    0	    3	    1	    0
13	   14	0100010000000101	01	    0	    3	    1	    0
15	   15	1100000000001100	01	    0	    3	    1	    0
16	   15	1100000000001100	11	    0	    3	    1	    0
17	   13	1001011000000000	11	    0	    3	    1	    0
18	   13	1001011000000000	10	    0	    3	    1	    0
20	   13	1001011000000000	10	    0	    4	    1	    0
Time                   21
21	   14	0100010000000101	10	    0	    4	    1	    0
22	   14	0100010000000101	01	    0	    4	    1	    0
24	   15	1100000000001100	01	    0	    4	    1	    0
25	   15	1100000000001100	11	    0	    4	    1	    0
26	   13	1001011000000000	11	    0	    4	    1	    0
27	   13	1001011000000000	10	    0	    4	    1	    0
29	   13	1001011000000000	10	    0	    5	    1	    0
Time                   30
30	   14	0100010000000101	10	    0	    5	    1	    0
31	   14	0100010000000101	01	    0	    5	    1	    0
33	   15	1100000000001100	01	    0	    5	    1	    0
34	   15	1100000000001100	11	    0	    5	    1	    0
35	   13	1001011000000000	11	    0	    5	    1	    0
36	   13	1001011000000000	10	    0	    5	    1	    0
38	   13	1001011000000000	10	    0	    6	    1	    0
Time                   39
39	   14	0100010000000101	10	    0	    6	    1	    0
40	   14	0100010000000101	01	    0	    6	    1	    0
42	   15	1100000000001100	01	    0	    6	    1	    0
43	   15	1100000000001100	11	    0	    6	    1	    0
44	   13	1001011000000000	11	    0	    6	    1	    0
45	   13	1001011000000000	10	    0	    6	    1	    0
47	   13	1001011000000000	10	    0	    7	    1	    0
Time                   48
48	   14	0100010000000101	10	    0	    7	    1	    0
49	   14	0100010000000101	01	    0	    7	    1	    0
51	   15	1100000000001100	01	    0	    7	    1	    0
52	   15	1100000000001100	11	    0	    7	    1	    0
53	   13	1001011000000000	11	    0	    7	    1	    0
54	   13	1001011000000000	10	    0	    7	    1	    0
56	   13	1001011000000000	10	    0	    8	    1	    0
Time                   57
57	   14	0100010000000101	10	    0	    8	    1	    0
58	   14	0100010000000101	01	    0	    8	    1	    0
60	   15	1100000000001100	01	    0	    8	    1	    0
61	   15	1100000000001100	11	    0	    8	    1	    0
62	   13	1001011000000000	11	    0	    8	    1	    0
63	   13	1001011000000000	10	    0	    8	    1	    0
65	   13	1001011000000000	10	    0	    9	    1	    0
Time                   66
66	   14	0100010000000101	10	    0	    9	    1	    0
67	   14	0100010000000101	01	    0	    9	    1	    0
69	   15	1100000000001100	01	    0	    9	    1	    0
70	   15	1100000000001100	11	    0	    9	    1	    0
71	   13	1001011000000000	11	    0	    9	    1	    0
72	   13	1001011000000000	10	    0	    9	    1	    0
74	   13	1001011000000000	10	    0	   10	    1	    0
Time                   75
75	   14	0100010000000101	10	    0	   10	    1	    0
76	   14	0100010000000101	01	    0	   10	    1	    0
78	   15	1100000000001100	01	    0	   10	    1	    0
79	   15	1100000000001100	11	    0	   10	    1	    0
80	   13	1001011000000000	11	    0	   10	    1	    0
81	   13	1001011000000000	10	    0	   10	    1	    0
83	   13	1001011000000000	10	    0	   11	    1	    0
Time                   84
84	   14	0100010000000101	10	    0	   11	    1	    0
85	   14	0100010000000101	01	    0	   11	    1	    0
87	   15	1100000000001100	01	    0	   11	    1	    0
88	   15	1100000000001100	11	    0	   11	    1	    0
89	   13	1001011000000000	11	    0	   11	    1	    0
90	   13	1001011000000000	10	    0	   11	    1	    0
92	   13	1001011000000000	10	    0	   12	    1	    0
Time                   93
93	   14	0100010000000101	10	    0	   12	    1	    0
94	   14	0100010000000101	01	    0	   12	    1	    0
96	   15	1100000000001100	01	    0	   12	    1	    0
97	   15	1100000000001100	11	    0	   12	    1	    0
98	   13	1001011000000000	11	    0	   12	    1	    0
99	   13	1001011000000000	10	    0	   12	    1	    0
Time	PC	IR	opcode	R0	R1	R2	R3
VCD info: dumpfile ultra.vcd opened for output.
0	   11	0001000000000011	00	    0	    0	    0	    0
3	   11	0001000000000011	00	    0	    2	    0	    0
Time                    4
4	   12	0010000000000100	00	    0	    2	    0	    0
7	   12	0010000000000100	00	    0	    2	    1	    0
Time                    8
8	   13	1001011000000000	00	    0	    2	    1	    0
9	   13	1001011000000000	10	    0	    2	    1	    0
11	   13	1001011000000000	10	    0	    3	    1	    0
Time                   12
12	   14	0100010000000101	10	    0	    3	    1	    0
13	   14	0100010000000101	01	    0	    3	    1	    0
15	   15	1100000000001100	01	    0	    3	    1	    0
16	   15	1100000000001100	11	    0	    3	    1	    0
17	   13	1001011000000000	11	    0	    3	    1	    0
18	   13	1001011000000000	10	    0	    3	    1	    0
20	   13	1001011000000000	10	    0	    4	    1	    0
Time                   21
21	   14	0100010000000101	10	    0	    4	    1	    0
22	   14	0100010000000101	01	    0	    4	    1	    0
24	   15	1100000000001100	01	    0	    4	    1	    0
25	   15	1100000000001100	11	    0	    4	    1	    0
26	   13	1001011000000000	11	    0	    4	    1	    0
27	   13	1001011000000000	10	    0	    4	    1	    0
29	   13	1001011000000000	10	    0	    5	    1	    0
Time                   30
30	   14	0100010000000101	10	    0	    5	    1	    0
31	   14	0100010000000101	01	    0	    5	    1	    0
33	   15	1100000000001100	01	    0	    5	    1	    0
34	   15	1100000000001100	11	    0	    5	    1	    0
35	   13	1001011000000000	11	    0	    5	    1	    0
36	   13	1001011000000000	10	    0	    5	    1	    0
38	   13	1001011000000000	10	    0	    6	    1	    0
Time                   39
39	   14	0100010000000101	10	    0	    6	    1	    0
40	   14	0100010000000101	01	    0	    6	    1	    0
42	   15	1100000000001100	01	    0	    6	    1	    0
43	   15	1100000000001100	11	    0	    6	    1	    0
44	   13	1001011000000000	11	    0	    6	    1	    0
45	   13	1001011000000000	10	    0	    6	    1	    0
47	   13	1001011000000000	10	    0	    7	    1	    0
Time                   48
48	   14	0100010000000101	10	    0	    7	    1	    0
49	   14	0100010000000101	01	    0	    7	    1	    0
51	   15	1100000000001100	01	    0	    7	    1	    0
52	   15	1100000000001100	11	    0	    7	    1	    0
53	   13	1001011000000000	11	    0	    7	    1	    0
54	   13	1001011000000000	10	    0	    7	    1	    0
56	   13	1001011000000000	10	    0	    8	    1	    0
Time                   57
57	   14	0100010000000101	10	    0	    8	    1	    0
58	   14	0100010000000101	01	    0	    8	    1	    0
60	   15	1100000000001100	01	    0	    8	    1	    0
61	   15	1100000000001100	11	    0	    8	    1	    0
62	   13	1001011000000000	11	    0	    8	    1	    0
63	   13	1001011000000000	10	    0	    8	    1	    0
65	   13	1001011000000000	10	    0	    9	    1	    0
Time                   66
66	   14	0100010000000101	10	    0	    9	    1	    0
67	   14	0100010000000101	01	    0	    9	    1	    0
69	   15	1100000000001100	01	    0	    9	    1	    0
70	   15	1100000000001100	11	    0	    9	    1	    0
71	   13	1001011000000000	11	    0	    9	    1	    0
72	   13	1001011000000000	10	    0	    9	    1	    0
74	   13	1001011000000000	10	    0	   10	    1	    0
Time                   75
75	   14	0100010000000101	10	    0	   10	    1	    0
76	   14	0100010000000101	01	    0	   10	    1	    0
78	   15	1100000000001100	01	    0	   10	    1	    0
79	   15	1100000000001100	11	    0	   10	    1	    0
80	   13	1001011000000000	11	    0	   10	    1	    0
81	   13	1001011000000000	10	    0	   10	    1	    0
83	   13	1001011000000000	10	    0	   11	    1	    0
Time                   84
84	   14	0100010000000101	10	    0	   11	    1	    0
85	   14	0100010000000101	01	    0	   11	    1	    0
87	   15	1100000000001100	01	    0	   11	    1	    0
88	   15	1100000000001100	11	    0	   11	    1	    0
89	   13	1001011000000000	11	    0	   11	    1	    0
90	   13	1001011000000000	10	    0	   11	    1	    0
92	   13	1001011000000000	10	    0	   12	    1	    0
Time                   93
93	   14	0100010000000101	10	    0	   12	    1	    0
94	   14	0100010000000101	01	    0	   12	    1	    0
96	   15	1100000000001100	01	    0	   12	    1	    0
97	   15	1100000000001100	11	    0	   12	    1	    0
98	   13	1001011000000000	11	    0	   12	    1	    0
99	   13	1001011000000000	10	    0	   12	    1	    0
